1 4
10 4
14 4
18 4
90 4
139 4
152 4
167 4
190 4
194 4
202 4
209 4
222 4
261 4
266 4
278 4
319 4
339 4
348 4
374 4
431 4
445 4
448 4
453 4
454 4
458 4
462 4
466 4
469 4
499 4
518 4
526 4
536 4
541 4
548 4
550 4
572 4
585 4
589 4
594 4
643 4
678 4
683 4
686 4
735 4
742 4
753 4
800 4
824 4
828 4
856 4
888 4
890 4
899 4
906 4
915 4
138 6
193 6
221 6
260 6
265 6
318 6
347 6
457 6
461 6
517 6
525 6
571 6
584 6
752 6
137 8
192 8
264 8
317 8
456 8
524 8
570 8
751 8
263 10
455 10
523 10
569 10
454 12
568 12
